#B	Created:	16.08.2017 13:22:37
##	Version	SeaStar	7.49
#5	Field separation:	0
#2	Date & Time:	1
#6	Decimal point:	,
#7	Date def.:	dd.mm.yyyy	.
#8	Time def.:	:
##	Axis	0	Temperature(°C)	clRed	FALSE
##	Axis	1	Salinity(psu)	clGreen	FALSE
##	Axis	2	Conductivity(mS/cm)	$00FF80FF	FALSE
##	Axis	3	Sound Velocity(m/sec)	$00404080	FALSE
##	Series	0	Temp(°C)	clRed	0	Temp(°C)	2
##	Series	1	Salinity(psu)	clGreen	1	Salinity(psu)	2
##	Series	2	Conduct(mS/cm)	$00FF80FF	2	Conduct(mS/cm)	2
##	Series	3	Sound Velocity(m/sec)	$00404080	3	Velocity(m/sec)	2
##	Recorder	7	DST CTD	8814
##	Chart	7S8814DAT	
#D	Data:	614	22.07.2017 00:00:00	16.08.2017 13:00:00
1	22.07.2017 00:00:00	27,59	0,01	0,00	1503,24
2	22.07.2017 01:00:00	27,53	0,01	0,00	1503,10
3	22.07.2017 02:00:00	27,41	0,01	0,00	1502,80
4	22.07.2017 03:00:00	27,36	0,01	0,00	1502,65
5	22.07.2017 04:00:00	27,30	0,01	0,00	1502,50
6	22.07.2017 05:00:00	27,30	0,01	0,00	1502,50
7	22.07.2017 06:00:00	27,30	0,01	0,00	1502,50
8	22.07.2017 07:00:00	27,30	0,01	0,00	1502,50
9	22.07.2017 08:00:00	27,24	0,01	0,00	1502,35
10	22.07.2017 09:00:00	27,18	0,01	0,00	1502,20
11	22.07.2017 10:00:00	27,16	0,01	0,00	1502,13
12	22.07.2017 11:00:00	27,36	0,01	0,00	1502,65
13	22.07.2017 12:00:00	27,85	0,01	0,00	1503,91
14	22.07.2017 13:00:00	27,76	0,01	0,00	1503,69
15	22.07.2017 14:00:00	27,65	0,01	0,00	1503,39
16	22.07.2017 15:00:00	27,65	0,01	0,00	1503,39
17	22.07.2017 16:00:00	27,70	0,01	0,00	1503,54
18	22.07.2017 17:00:00	28,77	0,01	0,00	1506,24
19	22.07.2017 18:00:00	30,31	31,49	53,42	1542,38
20	22.07.2017 19:00:00	30,05	30,71	51,99	1541,04
21	22.07.2017 20:00:00	29,73	30,34	51,13	1539,98
22	22.07.2017 21:00:00	29,58	30,28	50,91	1539,61
23	22.07.2017 22:00:00	29,67	30,12	50,74	1539,63
24	22.07.2017 23:00:00	30,05	29,75	50,53	1540,04
25	23.07.2017 00:00:00	30,11	29,81	50,68	1540,23
26	23.07.2017 01:00:00	30,13	29,64	50,44	1540,11
27	23.07.2017 02:00:00	30,08	29,73	50,53	1540,08
28	23.07.2017 03:00:00	30,28	29,95	51,06	1540,74
29	23.07.2017 04:00:00	30,11	29,15	49,67	1539,55
30	23.07.2017 05:00:00	29,73	28,48	48,32	1538,06
31	23.07.2017 06:00:00	29,50	28,31	47,85	1537,38
32	23.07.2017 07:00:00	29,26	28,28	47,60	1536,85
33	23.07.2017 08:00:00	28,95	28,31	47,36	1536,18
34	23.07.2017 09:00:00	28,51	28,28	46,93	1535,20
35	23.07.2017 10:00:00	28,74	28,21	47,04	1535,64
36	23.07.2017 11:00:00	29,06	28,14	47,21	1536,26
37	23.07.2017 12:00:00	29,41	28,18	47,58	1537,06
38	23.07.2017 13:00:00	29,47	28,10	47,50	1537,10
39	23.07.2017 14:00:00	29,47	27,96	47,30	1536,96
40	23.07.2017 15:00:00	29,32	27,88	47,04	1536,56
41	23.07.2017 16:00:00	29,06	27,87	46,80	1535,98
42	23.07.2017 17:00:00	28,69	27,94	46,58	1535,23
43	23.07.2017 18:00:00	28,37	27,93	46,29	1534,51
44	23.07.2017 19:00:00	28,19	27,87	46,05	1534,06
45	23.07.2017 20:00:00	27,99	27,83	45,81	1533,57
46	23.07.2017 21:00:00	27,82	27,35	44,96	1532,67
47	23.07.2017 22:00:00	27,82	27,03	44,48	1532,33
48	23.07.2017 23:00:00	28,02	26,90	44,46	1532,65
49	24.07.2017 00:00:00	28,31	26,96	44,79	1533,36
50	24.07.2017 01:00:00	28,40	26,90	44,78	1533,50
51	24.07.2017 02:00:00	28,45	26,91	44,84	1533,63
52	24.07.2017 03:00:00	28,48	26,93	44,89	1533,72
53	24.07.2017 04:00:00	28,45	26,95	44,90	1533,68
54	24.07.2017 05:00:00	28,31	26,96	44,79	1533,36
55	24.07.2017 06:00:00	28,11	26,96	44,63	1532,92
56	24.07.2017 07:00:00	27,82	26,99	44,42	1532,29
57	24.07.2017 08:00:00	27,76	26,95	44,31	1532,11
58	24.07.2017 09:00:00	27,62	26,92	44,15	1531,75
59	24.07.2017 10:00:00	27,85	26,93	44,36	1532,29
60	24.07.2017 11:00:00	28,19	26,87	44,56	1533,01
61	24.07.2017 12:00:00	28,48	26,89	44,83	1533,68
62	24.07.2017 13:00:00	28,69	26,92	45,06	1534,16
63	24.07.2017 14:00:00	28,92	27,02	45,40	1534,78
64	24.07.2017 15:00:00	29,12	27,06	45,63	1535,26
65	24.07.2017 16:00:00	29,38	27,10	45,92	1535,88
66	24.07.2017 17:00:00	29,58	27,19	46,22	1536,40
67	24.07.2017 18:00:00	29,76	27,21	46,40	1536,80
68	24.07.2017 19:00:00	29,99	27,19	46,57	1537,28
69	24.07.2017 20:00:00	30,05	27,07	46,44	1537,28
70	24.07.2017 21:00:00	29,82	27,00	46,13	1536,71
71	24.07.2017 22:00:00	29,38	26,94	45,67	1535,71
72	24.07.2017 23:00:00	29,53	26,89	45,72	1535,97
73	25.07.2017 00:00:00	29,47	26,84	45,60	1535,80
74	25.07.2017 01:00:00	29,44	26,86	45,60	1535,75
75	25.07.2017 02:00:00	29,41	26,92	45,67	1535,75
76	25.07.2017 03:00:00	29,35	27,00	45,73	1535,70
77	25.07.2017 04:00:00	29,29	27,08	45,80	1535,66
78	25.07.2017 05:00:00	29,12	27,14	45,76	1535,35
79	25.07.2017 06:00:00	28,97	27,15	45,65	1535,04
80	25.07.2017 07:00:00	28,83	27,08	45,41	1534,65
81	25.07.2017 08:00:00	28,60	27,14	45,31	1534,20
82	25.07.2017 09:00:00	28,34	27,06	44,97	1533,54
83	25.07.2017 10:00:00	28,43	27,00	44,96	1533,67
84	25.07.2017 11:00:00	28,95	26,92	45,28	1534,74
85	25.07.2017 12:00:00	29,15	26,88	45,38	1535,14
86	25.07.2017 13:00:00	29,18	26,82	45,31	1535,14
87	25.07.2017 14:00:00	29,47	26,72	45,41	1535,67
88	25.07.2017 15:00:00	29,70	26,82	45,76	1536,28
89	25.07.2017 16:00:00	29,82	26,92	46,01	1536,62
90	25.07.2017 17:00:00	30,02	26,92	46,18	1537,06
91	25.07.2017 18:00:00	30,22	26,63	45,90	1537,19
92	25.07.2017 19:00:00	30,63	25,90	45,11	1537,30
93	25.07.2017 20:00:00	31,10	24,77	43,70	1537,12
94	25.07.2017 21:00:00	31,07	24,12	42,65	1536,40
95	25.07.2017 22:00:00	30,75	24,26	42,62	1535,87
96	25.07.2017 23:00:00	30,48	25,41	44,22	1536,49
97	26.07.2017 00:00:00	30,54	24,40	42,69	1535,58
98	26.07.2017 01:00:00	30,40	23,43	41,05	1534,27
99	26.07.2017 02:00:00	30,08	23,14	40,35	1533,28
100	26.07.2017 03:00:00	30,19	23,86	41,57	1534,28
101	26.07.2017 04:00:00	29,99	25,32	43,69	1535,35
102	26.07.2017 05:00:00	29,96	25,19	43,46	1535,15
103	26.07.2017 06:00:00	29,90	25,33	43,64	1535,17
104	26.07.2017 07:00:00	29,87	25,10	43,25	1534,87
105	26.07.2017 08:00:00	29,58	24,06	41,42	1533,16
106	26.07.2017 09:00:00	29,55	23,66	40,77	1532,69
107	26.07.2017 10:00:00	29,50	23,48	40,44	1532,37
108	26.07.2017 11:00:00	29,61	23,51	40,58	1532,65
109	26.07.2017 12:00:00	30,25	23,73	41,41	1534,27
110	26.07.2017 13:00:00	30,69	24,19	42,47	1535,67
111	26.07.2017 14:00:00	30,66	24,41	42,79	1535,84
112	26.07.2017 15:00:00	31,01	24,50	43,20	1536,66
113	26.07.2017 16:00:00	31,15	24,45	43,25	1536,92
114	26.07.2017 17:00:00	31,39	24,39	43,34	1537,35
115	26.07.2017 18:00:00	31,77	24,15	43,25	1537,89
116	26.07.2017 19:00:00	32,24	23,91	43,21	1538,59
117	26.07.2017 20:00:00	32,24	23,64	42,77	1538,32
118	26.07.2017 21:00:00	32,15	25,70	46,04	1540,22
119	26.07.2017 22:00:00	31,88	25,65	45,74	1539,64
120	26.07.2017 23:00:00	31,62	25,44	45,20	1538,90
121	27.07.2017 00:00:00	31,39	24,79	43,97	1537,75
122	27.07.2017 01:00:00	31,21	24,56	43,47	1537,15
123	27.07.2017 02:00:00	31,12	24,72	43,64	1537,13
124	27.07.2017 03:00:00	31,12	24,54	43,36	1536,95
125	27.07.2017 04:00:00	30,89	26,30	45,96	1538,27
126	27.07.2017 05:00:00	30,83	26,22	45,78	1538,06
127	27.07.2017 06:00:00	30,83	25,70	44,97	1537,53
128	27.07.2017 07:00:00	30,80	25,04	43,90	1536,79
129	27.07.2017 08:00:00	30,60	24,55	42,96	1535,85
130	27.07.2017 09:00:00	30,54	24,47	42,80	1535,65
131	27.07.2017 10:00:00	30,45	24,28	42,43	1535,27
132	27.07.2017 11:00:00	30,63	24,08	42,26	1535,44
133	27.07.2017 12:00:00	31,04	24,17	42,71	1536,39
134	27.07.2017 13:00:00	31,42	24,52	43,56	1537,53
135	27.07.2017 14:00:00	31,47	24,31	43,28	1537,44
136	27.07.2017 15:00:00	31,59	24,75	44,07	1538,13
137	27.07.2017 16:00:00	31,59	24,28	43,32	1537,66
138	27.07.2017 17:00:00	31,56	24,09	42,99	1537,40
139	27.07.2017 18:00:00	31,59	24,08	42,99	1537,45
140	27.07.2017 19:00:00	31,91	24,01	43,13	1538,04
141	27.07.2017 20:00:00	32,21	23,75	42,94	1538,38
142	27.07.2017 21:00:00	32,06	23,49	42,41	1537,82
143	27.07.2017 22:00:00	32,03	23,28	42,04	1537,54
144	27.07.2017 23:00:00	31,86	23,08	41,59	1536,98
145	28.07.2017 00:00:00	31,68	22,99	41,30	1536,52
146	28.07.2017 01:00:00	31,50	22,95	41,11	1536,12
147	28.07.2017 02:00:00	31,30	22,96	40,98	1535,71
148	28.07.2017 03:00:00	31,27	22,86	40,79	1535,54
149	28.07.2017 04:00:00	31,27	23,26	41,43	1535,95
150	28.07.2017 05:00:00	31,12	23,27	41,34	1535,65
151	28.07.2017 06:00:00	31,21	23,42	41,64	1535,98
152	28.07.2017 07:00:00	31,15	23,67	42,01	1536,12
153	28.07.2017 08:00:00	31,12	23,59	41,85	1535,98
154	28.07.2017 09:00:00	31,07	23,33	41,40	1535,59
155	28.07.2017 10:00:00	30,83	22,87	40,48	1534,63
156	28.07.2017 11:00:00	30,86	22,13	39,32	1533,93
157	28.07.2017 12:00:00	30,92	21,59	38,49	1533,50
158	28.07.2017 13:00:00	31,15	21,22	38,05	1533,62
159	28.07.2017 14:00:00	31,30	21,54	38,68	1534,25
160	28.07.2017 15:00:00	31,71	21,61	39,08	1535,19
161	28.07.2017 16:00:00	32,41	21,69	39,71	1536,72
162	28.07.2017 17:00:00	32,56	21,76	39,93	1537,09
163	28.07.2017 18:00:00	32,62	21,85	40,12	1537,29
164	28.07.2017 19:00:00	32,62	21,85	40,12	1537,29
165	28.07.2017 20:00:00	32,59	21,61	39,70	1536,99
166	28.07.2017 21:00:00	32,56	21,01	38,68	1536,33
167	28.07.2017 22:00:00	32,27	20,34	37,37	1535,05
168	28.07.2017 23:00:00	32,09	19,77	36,30	1534,11
169	29.07.2017 00:00:00	31,77	19,68	35,95	1533,35
170	29.07.2017 01:00:00	31,62	19,81	36,07	1533,18
171	29.07.2017 02:00:00	31,50	19,67	35,75	1532,78
172	29.07.2017 03:00:00	31,53	19,90	36,15	1533,08
173	29.07.2017 04:00:00	31,39	20,49	37,03	1533,37
174	29.07.2017 05:00:00	31,21	23,23	41,33	1535,79
175	29.07.2017 06:00:00	30,92	23,25	41,16	1535,20
176	29.07.2017 07:00:00	30,75	22,27	39,46	1533,83
177	29.07.2017 08:00:00	30,80	21,20	37,79	1532,86
178	29.07.2017 09:00:00	30,69	20,67	36,84	1532,06
179	29.07.2017 10:00:00	30,51	20,03	35,70	1531,03
180	29.07.2017 11:00:00	30,63	19,14	34,33	1530,36
181	29.07.2017 12:00:00	30,89	18,30	33,12	1530,07
182	29.07.2017 13:00:00	31,07	17,61	32,08	1529,74
183	29.07.2017 14:00:00	31,39	17,30	31,76	1530,12
184	29.07.2017 15:00:00	31,50	16,94	31,23	1530,01
185	29.07.2017 16:00:00	31,42	16,63	30,66	1529,50
186	29.07.2017 17:00:00	31,36	16,32	30,10	1529,06
187	29.07.2017 18:00:00	31,27	15,86	29,28	1528,40
188	29.07.2017 19:00:00	31,10	15,75	29,01	1527,91
189	29.07.2017 20:00:00	31,10	15,66	28,85	1527,81
190	29.07.2017 21:00:00	30,98	15,35	28,27	1527,24
191	29.07.2017 22:00:00	30,80	15,09	27,75	1526,60
192	29.07.2017 23:00:00	30,57	15,09	27,64	1526,09
193	30.07.2017 00:00:00	30,34	15,79	28,67	1526,29
194	30.07.2017 01:00:00	30,22	16,03	29,00	1526,27
195	30.07.2017 02:00:00	30,19	15,67	28,39	1525,83
196	30.07.2017 03:00:00	30,11	15,30	27,74	1525,26
197	30.07.2017 04:00:00	30,11	14,06	25,68	1523,98
198	30.07.2017 05:00:00	30,11	14,94	27,14	1524,89
199	30.07.2017 06:00:00	29,87	17,81	31,72	1527,34
200	30.07.2017 07:00:00	29,84	20,02	35,25	1529,56
201	30.07.2017 08:00:00	29,90	19,51	34,47	1529,15
202	30.07.2017 09:00:00	29,84	18,25	32,40	1527,72
203	30.07.2017 10:00:00	29,76	17,14	30,56	1526,37
204	30.07.2017 11:00:00	29,15	16,17	28,66	1523,99
205	30.07.2017 12:00:00	28,83	14,77	26,22	1521,79
206	30.07.2017 13:00:00	28,60	13,74	24,44	1520,17
207	30.07.2017 14:00:00	28,34	12,60	22,47	1518,36
208	30.07.2017 15:00:00	28,14	12,13	21,62	1517,38
209	30.07.2017 16:00:00	28,08	10,69	19,23	1515,73
210	30.07.2017 17:00:00	27,91	10,64	19,08	1515,25
211	30.07.2017 18:00:00	27,91	10,48	18,81	1515,08
212	30.07.2017 19:00:00	27,99	10,51	18,89	1515,33
213	30.07.2017 20:00:00	28,11	10,39	18,75	1515,49
214	30.07.2017 21:00:00	28,17	10,54	19,01	1515,78
215	30.07.2017 22:00:00	28,19	10,63	19,17	1515,94
216	30.07.2017 23:00:00	27,82	10,78	19,28	1515,20
217	31.07.2017 00:00:00	27,16	10,88	19,19	1513,66
218	31.07.2017 01:00:00	26,98	10,92	19,19	1513,27
219	31.07.2017 02:00:00	26,98	10,97	19,28	1513,33
220	31.07.2017 03:00:00	28,31	11,60	20,82	1517,25
221	31.07.2017 04:00:00	28,45	12,57	22,46	1518,60
222	31.07.2017 05:00:00	28,51	13,60	24,18	1519,83
223	31.07.2017 06:00:00	28,48	14,57	25,73	1520,77
224	31.07.2017 07:00:00	28,51	15,76	27,66	1522,09
225	31.07.2017 08:00:00	28,69	16,75	29,33	1523,52
226	31.07.2017 09:00:00	28,77	17,58	30,71	1524,60
227	31.07.2017 10:00:00	28,77	18,31	31,86	1525,36
228	31.07.2017 11:00:00	28,83	18,95	32,90	1526,15
229	31.07.2017 12:00:00	28,83	19,43	33,66	1526,66
230	31.07.2017 13:00:00	28,80	21,92	37,52	1529,19
231	31.07.2017 14:00:00	28,74	24,17	40,94	1531,42
232	31.07.2017 15:00:00	28,77	24,03	40,74	1531,33
233	31.07.2017 16:00:00	28,89	24,06	40,88	1531,62
234	31.07.2017 17:00:00	29,09	24,67	41,97	1532,71
235	31.07.2017 18:00:00	29,18	24,89	42,38	1533,14
236	31.07.2017 19:00:00	29,18	25,28	42,98	1533,54
237	31.07.2017 20:00:00	29,15	25,48	43,26	1533,68
238	31.07.2017 21:00:00	29,12	25,17	42,77	1533,30
239	31.07.2017 22:00:00	29,12	25,00	42,50	1533,12
240	31.07.2017 23:00:00	29,12	25,83	43,77	1533,99
241	01.08.2017 00:00:00	29,12	27,53	46,34	1535,75
242	01.08.2017 01:00:00	29,12	27,35	46,08	1535,57
243	01.08.2017 02:00:00	29,09	27,63	46,47	1535,80
244	01.08.2017 03:00:00	29,06	27,43	46,15	1535,53
245	01.08.2017 04:00:00	29,03	27,58	46,35	1535,62
246	01.08.2017 05:00:00	28,86	27,02	45,35	1534,65
247	01.08.2017 06:00:00	28,95	27,21	45,71	1535,04
248	01.08.2017 07:00:00	28,83	27,33	45,79	1534,91
249	01.08.2017 08:00:00	28,60	27,06	45,19	1534,12
250	01.08.2017 09:00:00	28,77	27,20	45,54	1534,64
251	01.08.2017 10:00:00	28,89	27,55	46,17	1535,26
252	01.08.2017 11:00:00	28,95	27,55	46,23	1535,40
253	01.08.2017 12:00:00	29,03	27,54	46,28	1535,57
254	01.08.2017 13:00:00	29,06	27,05	45,58	1535,13
255	01.08.2017 14:00:00	29,03	26,39	44,54	1534,37
256	01.08.2017 15:00:00	29,26	25,45	43,30	1533,91
257	01.08.2017 16:00:00	29,50	24,64	42,25	1533,58
258	01.08.2017 17:00:00	29,58	24,19	41,62	1533,30
259	01.08.2017 18:00:00	29,67	23,92	41,26	1533,20
260	01.08.2017 19:00:00	29,84	23,73	41,09	1533,39
261	01.08.2017 20:00:00	30,05	23,62	41,08	1533,71
262	01.08.2017 21:00:00	30,22	23,03	40,29	1533,49
263	01.08.2017 22:00:00	30,28	24,07	41,97	1534,69
264	01.08.2017 23:00:00	30,40	23,65	41,40	1534,50
265	02.08.2017 00:00:00	30,31	23,48	41,06	1534,13
266	02.08.2017 01:00:00	30,28	23,31	40,76	1533,90
267	02.08.2017 02:00:00	30,22	23,12	40,43	1533,58
268	02.08.2017 03:00:00	30,19	23,26	40,63	1533,66
269	02.08.2017 04:00:00	30,16	23,40	40,82	1533,74
270	02.08.2017 05:00:00	30,02	23,44	40,79	1533,47
271	02.08.2017 06:00:00	29,64	24,13	41,56	1533,36
272	02.08.2017 07:00:00	29,09	24,81	42,18	1532,85
273	02.08.2017 08:00:00	29,00	24,38	41,47	1532,22
274	02.08.2017 09:00:00	29,12	24,06	41,06	1532,14
275	02.08.2017 10:00:00	29,15	24,04	41,05	1532,19
276	02.08.2017 11:00:00	29,15	24,11	41,15	1532,25
277	02.08.2017 12:00:00	29,15	24,20	41,30	1532,36
278	02.08.2017 13:00:00	28,60	24,45	41,25	1531,38
279	02.08.2017 14:00:00	28,66	24,32	41,10	1531,38
280	02.08.2017 15:00:00	28,71	24,06	40,75	1531,24
281	02.08.2017 16:00:00	28,54	23,78	40,19	1530,55
282	02.08.2017 17:00:00	28,48	23,42	39,59	1530,04
283	02.08.2017 18:00:00	28,28	23,03	38,85	1529,18
284	02.08.2017 19:00:00	28,19	22,55	38,05	1528,47
285	02.08.2017 20:00:00	28,22	22,16	37,48	1528,13
286	02.08.2017 21:00:00	28,31	21,83	37,04	1527,99
287	02.08.2017 22:00:00	28,31	21,71	36,85	1527,85
288	02.08.2017 23:00:00	28,37	21,68	36,85	1527,96
289	03.08.2017 00:00:00	28,28	21,80	36,97	1527,88
290	03.08.2017 01:00:00	28,19	21,97	37,17	1527,86
291	03.08.2017 02:00:00	28,05	22,17	37,38	1527,74
292	03.08.2017 03:00:00	27,93	22,36	37,59	1527,68
293	03.08.2017 04:00:00	27,82	22,42	37,59	1527,47
294	03.08.2017 05:00:00	27,79	22,54	37,76	1527,53
295	03.08.2017 06:00:00	27,70	22,62	37,80	1527,41
296	03.08.2017 07:00:00	27,65	22,67	37,85	1527,34
297	03.08.2017 08:00:00	27,65	22,70	37,89	1527,36
298	03.08.2017 09:00:00	27,70	22,38	37,44	1527,16
299	03.08.2017 10:00:00	27,85	22,22	37,31	1527,33
300	03.08.2017 11:00:00	27,93	22,36	37,59	1527,68
301	03.08.2017 12:00:00	27,96	22,37	37,62	1527,76
302	03.08.2017 13:00:00	27,99	22,38	37,66	1527,83
303	03.08.2017 14:00:00	28,25	24,03	40,35	1530,16
304	03.08.2017 15:00:00	28,08	22,69	38,19	1528,36
305	03.08.2017 16:00:00	27,82	22,80	38,17	1527,87
306	03.08.2017 17:00:00	27,67	21,06	35,43	1525,70
307	03.08.2017 18:00:00	27,70	19,90	33,67	1524,54
308	03.08.2017 19:00:00	27,79	19,68	33,38	1524,51
309	03.08.2017 20:00:00	27,79	20,98	35,38	1525,89
310	03.08.2017 21:00:00	27,79	23,12	38,63	1528,15
311	03.08.2017 22:00:00	27,73	23,68	39,43	1528,60
312	03.08.2017 23:00:00	27,56	22,64	37,73	1527,10
313	04.08.2017 00:00:00	27,59	22,73	37,90	1527,26
314	04.08.2017 01:00:00	27,67	22,55	37,69	1527,27
315	04.08.2017 02:00:00	27,62	22,55	37,65	1527,14
316	04.08.2017 03:00:00	27,44	22,17	36,95	1526,33
317	04.08.2017 04:00:00	27,24	22,20	36,85	1525,89
318	04.08.2017 05:00:00	27,10	22,15	36,67	1525,49
319	04.08.2017 06:00:00	27,04	22,44	37,06	1525,66
320	04.08.2017 07:00:00	27,04	22,38	36,98	1525,61
321	04.08.2017 08:00:00	27,01	22,14	36,60	1525,28
322	04.08.2017 09:00:00	27,07	22,22	36,75	1525,49
323	04.08.2017 10:00:00	27,27	22,50	37,32	1526,27
324	04.08.2017 11:00:00	27,50	23,00	38,23	1527,34
325	04.08.2017 12:00:00	27,62	23,45	38,99	1528,09
326	04.08.2017 13:00:00	27,65	23,40	38,95	1528,11
327	04.08.2017 14:00:00	27,65	23,37	38,90	1528,08
328	04.08.2017 15:00:00	27,88	22,16	37,23	1527,33
329	04.08.2017 16:00:00	28,11	22,76	38,31	1528,49
330	04.08.2017 17:00:00	28,43	22,76	38,54	1529,22
331	04.08.2017 18:00:00	28,74	22,84	38,90	1530,03
332	04.08.2017 19:00:00	28,80	20,46	35,25	1527,67
333	04.08.2017 20:00:00	28,66	21,53	36,83	1528,46
334	04.08.2017 21:00:00	28,43	21,93	37,27	1528,35
335	04.08.2017 22:00:00	28,19	22,33	37,73	1528,25
336	04.08.2017 23:00:00	28,17	24,02	40,27	1529,95
337	05.08.2017 00:00:00	28,14	24,78	41,39	1530,69
338	05.08.2017 01:00:00	28,08	25,76	42,81	1531,58
339	05.08.2017 02:00:00	28,08	25,68	42,70	1531,51
340	05.08.2017 03:00:00	28,08	25,50	42,43	1531,32
341	05.08.2017 04:00:00	28,05	25,21	41,96	1530,94
342	05.08.2017 05:00:00	28,05	25,10	41,81	1530,83
343	05.08.2017 06:00:00	28,05	24,97	41,60	1530,68
344	05.08.2017 07:00:00	28,05	24,24	40,51	1529,92
345	05.08.2017 08:00:00	28,08	26,05	43,25	1531,89
346	05.08.2017 09:00:00	28,11	25,89	43,02	1531,78
347	05.08.2017 10:00:00	28,14	26,59	44,10	1532,59
348	05.08.2017 11:00:00	28,17	27,29	45,17	1533,40
349	05.08.2017 12:00:00	28,19	26,99	44,74	1533,14
350	05.08.2017 13:00:00	28,25	26,87	44,62	1533,15
351	05.08.2017 14:00:00	28,34	26,66	44,37	1533,12
352	05.08.2017 15:00:00	28,45	26,27	43,89	1532,97
353	05.08.2017 16:00:00	28,77	25,27	42,63	1532,63
354	05.08.2017 17:00:00	29,21	24,34	41,55	1532,62
355	05.08.2017 18:00:00	29,50	23,66	40,73	1532,56
356	05.08.2017 19:00:00	29,70	23,28	40,28	1532,60
357	05.08.2017 20:00:00	29,67	23,14	40,05	1532,40
358	05.08.2017 21:00:00	29,35	23,22	39,94	1531,78
359	05.08.2017 22:00:00	29,29	23,59	40,46	1532,03
360	05.08.2017 23:00:00	29,15	24,30	41,45	1532,46
361	06.08.2017 00:00:00	28,92	25,58	43,22	1533,28
362	06.08.2017 01:00:00	28,83	26,08	43,91	1533,61
363	06.08.2017 02:00:00	28,83	27,93	46,70	1535,54
364	06.08.2017 03:00:00	28,80	27,95	46,70	1535,50
365	06.08.2017 04:00:00	28,80	27,82	46,50	1535,36
366	06.08.2017 05:00:00	28,77	27,41	45,86	1534,86
367	06.08.2017 06:00:00	28,66	26,58	44,52	1533,74
368	06.08.2017 07:00:00	28,63	26,28	44,05	1533,37
369	06.08.2017 08:00:00	28,60	26,19	43,88	1533,20
370	06.08.2017 09:00:00	28,66	26,58	44,52	1533,74
371	06.08.2017 10:00:00	28,80	26,81	44,98	1534,30
372	06.08.2017 11:00:00	28,89	28,25	47,23	1536,00
373	06.08.2017 12:00:00	28,97	29,13	48,62	1537,11
374	06.08.2017 13:00:00	29,12	29,38	49,12	1537,68
375	06.08.2017 14:00:00	29,32	29,19	49,02	1537,92
376	06.08.2017 15:00:00	29,58	28,91	48,84	1538,19
377	06.08.2017 16:00:00	30,13	27,71	47,50	1538,12
378	06.08.2017 17:00:00	30,89	27,11	47,22	1539,09
379	06.08.2017 18:00:00	29,82	18,57	32,90	1527,99
380	06.08.2017 19:00:00	30,40	17,31	31,21	1527,98
381	06.08.2017 20:00:00	30,57	15,59	28,46	1526,60
382	06.08.2017 21:00:00	30,43	11,65	21,74	1522,22
383	06.08.2017 22:00:00	30,34	14,19	26,01	1524,64
384	06.08.2017 23:00:00	30,16	16,66	30,01	1526,79
385	07.08.2017 00:00:00	29,96	17,44	31,17	1527,15
386	07.08.2017 01:00:00	29,82	19,26	34,02	1528,70
387	07.08.2017 02:00:00	29,67	19,86	34,88	1529,00
388	07.08.2017 03:00:00	29,70	19,96	35,05	1529,17
389	07.08.2017 04:00:00	29,64	19,46	34,22	1528,52
390	07.08.2017 05:00:00	29,47	18,55	32,66	1527,18
391	07.08.2017 06:00:00	29,32	18,09	31,83	1526,38
392	07.08.2017 07:00:00	29,26	17,39	30,68	1525,52
393	07.08.2017 08:00:00	29,29	15,27	27,27	1523,39
394	07.08.2017 09:00:00	29,32	14,22	25,57	1522,36
395	07.08.2017 10:00:00	29,38	17,20	30,45	1525,59
396	07.08.2017 11:00:00	29,67	18,52	32,73	1527,61
397	07.08.2017 12:00:00	29,70	19,94	35,02	1529,14
398	07.08.2017 13:00:00	29,93	20,92	36,74	1530,68
399	07.08.2017 14:00:00	30,22	21,58	37,99	1531,99
400	07.08.2017 15:00:00	30,28	21,68	38,19	1532,22
401	07.08.2017 16:00:00	30,31	21,08	37,26	1531,67
402	07.08.2017 17:00:00	30,57	19,83	35,42	1530,95
403	07.08.2017 18:00:00	30,69	17,65	31,93	1528,96
404	07.08.2017 19:00:00	31,15	16,13	29,67	1528,42
405	07.08.2017 20:00:00	31,74	14,63	27,44	1528,17
406	07.08.2017 21:00:00	31,88	13,68	25,88	1527,52
407	07.08.2017 22:00:00	31,62	12,02	22,88	1525,26
408	07.08.2017 23:00:00	31,42	13,25	24,92	1526,07
409	08.08.2017 00:00:00	31,07	14,80	27,39	1526,87
410	08.08.2017 01:00:00	30,66	18,24	32,89	1529,51
411	08.08.2017 02:00:00	30,54	19,65	35,11	1530,70
412	08.08.2017 03:00:00	30,66	20,15	35,98	1531,46
413	08.08.2017 04:00:00	30,66	20,15	35,98	1531,46
414	08.08.2017 05:00:00	30,63	20,09	35,88	1531,34
415	08.08.2017 06:00:00	30,63	20,07	35,84	1531,32
416	08.08.2017 07:00:00	30,57	19,02	34,10	1530,12
417	08.08.2017 08:00:00	30,45	18,34	32,93	1529,17
418	08.08.2017 09:00:00	30,31	15,34	27,90	1525,75
419	08.08.2017 10:00:00	30,40	15,98	29,02	1526,61
420	08.08.2017 11:00:00	30,60	19,50	34,90	1530,67
421	08.08.2017 12:00:00	30,80	20,31	36,34	1531,94
422	08.08.2017 13:00:00	30,92	21,20	37,86	1533,10
423	08.08.2017 14:00:00	31,04	22,13	39,44	1534,30
424	08.08.2017 15:00:00	31,15	22,47	40,08	1534,90
425	08.08.2017 16:00:00	31,30	22,08	39,56	1534,81
426	08.08.2017 17:00:00	31,42	21,40	38,54	1534,36
427	08.08.2017 18:00:00	31,27	20,08	36,28	1532,70
428	08.08.2017 19:00:00	31,45	18,35	33,55	1531,32
429	08.08.2017 20:00:00	31,91	16,02	29,90	1529,95
430	08.08.2017 21:00:00	32,15	15,12	28,49	1529,54
431	08.08.2017 22:00:00	32,24	13,08	25,00	1527,66
432	08.08.2017 23:00:00	31,27	10,63	20,31	1523,07
433	09.08.2017 00:00:00	31,45	13,26	24,96	1526,14
434	09.08.2017 01:00:00	31,56	18,01	33,05	1531,22
435	09.08.2017 02:00:00	31,53	20,19	36,64	1533,38
436	09.08.2017 03:00:00	31,53	20,69	37,46	1533,88
437	09.08.2017 04:00:00	31,50	21,05	38,03	1534,19
438	09.08.2017 05:00:00	31,47	21,22	38,28	1534,30
439	09.08.2017 06:00:00	31,47	21,09	38,07	1534,17
440	09.08.2017 07:00:00	31,47	20,29	36,76	1533,35
441	09.08.2017 08:00:00	31,45	18,78	34,25	1531,75
442	09.08.2017 09:00:00	31,21	17,26	31,60	1529,71
443	09.08.2017 10:00:00	31,04	15,33	28,26	1527,35
444	09.08.2017 11:00:00	31,39	19,21	34,92	1532,06
445	09.08.2017 12:00:00	31,50	21,08	38,07	1534,22
446	09.08.2017 13:00:00	31,56	21,15	38,23	1534,42
447	09.08.2017 14:00:00	31,94	21,53	39,11	1535,59
448	09.08.2017 15:00:00	32,24	21,61	39,45	1536,27
449	09.08.2017 16:00:00	32,59	21,83	40,07	1537,22
450	09.08.2017 17:00:00	32,85	21,57	39,82	1537,49
451	09.08.2017 18:00:00	32,68	21,14	38,98	1536,69
452	09.08.2017 19:00:00	32,62	20,26	37,47	1535,69
453	09.08.2017 20:00:00	32,41	19,13	35,45	1534,14
454	09.08.2017 21:00:00	32,41	17,65	32,95	1532,64
455	09.08.2017 22:00:00	32,74	15,44	29,34	1531,09
456	09.08.2017 23:00:00	31,97	9,97	19,39	1523,95
457	10.08.2017 00:00:00	31,97	12,77	24,34	1526,79
458	10.08.2017 01:00:00	31,65	17,66	32,51	1531,05
459	10.08.2017 02:00:00	31,27	18,95	34,42	1531,55
460	10.08.2017 03:00:00	31,24	19,96	36,06	1532,52
461	10.08.2017 04:00:00	31,27	20,76	37,39	1533,40
462	10.08.2017 05:00:00	31,24	21,10	37,92	1533,68
463	10.08.2017 06:00:00	31,27	21,08	37,92	1533,73
464	10.08.2017 07:00:00	31,24	20,68	37,24	1533,25
465	10.08.2017 08:00:00	31,15	20,36	36,66	1532,74
466	10.08.2017 09:00:00	31,07	20,17	36,29	1532,36
467	10.08.2017 10:00:00	30,98	18,50	33,51	1530,47
468	10.08.2017 11:00:00	31,12	16,18	29,74	1528,41
469	10.08.2017 12:00:00	31,71	20,11	36,63	1533,67
470	10.08.2017 13:00:00	32,18	21,26	38,83	1535,80
471	10.08.2017 14:00:00	32,71	21,55	39,69	1537,17
472	10.08.2017 15:00:00	32,68	21,85	40,16	1537,41
473	10.08.2017 16:00:00	32,83	22,01	40,53	1537,87
474	10.08.2017 17:00:00	32,71	22,00	40,44	1537,63
475	10.08.2017 18:00:00	32,85	21,68	40,01	1537,60
476	10.08.2017 19:00:00	32,83	20,51	38,03	1536,36
477	10.08.2017 20:00:00	32,83	16,29	30,86	1532,13
478	10.08.2017 21:00:00	32,06	15,56	29,20	1529,80
479	10.08.2017 22:00:00	31,94	13,15	24,99	1527,11
480	10.08.2017 23:00:00	31,65	10,80	20,76	1524,09
481	11.08.2017 00:00:00	31,21	10,61	20,24	1522,92
482	11.08.2017 01:00:00	31,18	13,56	25,34	1525,86
483	11.08.2017 02:00:00	31,12	15,87	29,22	1528,09
484	11.08.2017 03:00:00	31,12	17,10	31,28	1529,35
485	11.08.2017 04:00:00	31,18	18,07	32,92	1530,47
486	11.08.2017 05:00:00	31,18	18,50	33,62	1530,90
487	11.08.2017 06:00:00	31,15	18,51	33,63	1530,85
488	11.08.2017 07:00:00	31,15	18,55	33,69	1530,89
489	11.08.2017 08:00:00	31,12	18,67	33,88	1530,96
490	11.08.2017 09:00:00	31,04	17,77	32,34	1529,85
491	11.08.2017 10:00:00	31,10	17,46	31,85	1529,66
492	11.08.2017 11:00:00	31,12	16,61	30,47	1528,86
493	11.08.2017 12:00:00	30,98	13,94	25,89	1525,81
494	11.08.2017 13:00:00	31,68	16,99	31,41	1530,44
495	11.08.2017 14:00:00	31,94	18,61	34,29	1532,64
496	11.08.2017 15:00:00	32,91	17,68	33,29	1533,70
497	11.08.2017 16:00:00	32,32	16,07	30,21	1530,87
498	11.08.2017 17:00:00	32,80	17,11	32,26	1532,89
499	11.08.2017 18:00:00	32,80	18,03	33,83	1533,82
500	11.08.2017 19:00:00	32,62	17,56	32,91	1532,97
501	11.08.2017 20:00:00	32,50	15,60	29,49	1530,76
502	11.08.2017 21:00:00	32,30	13,96	26,55	1528,67
503	11.08.2017 22:00:00	32,06	11,95	22,94	1526,14
504	11.08.2017 23:00:00	32,06	10,66	20,66	1524,84
505	12.08.2017 00:00:00	31,71	8,87	17,33	1522,25
506	12.08.2017 01:00:00	31,27	9,82	18,88	1522,25
507	12.08.2017 02:00:00	31,07	11,35	21,49	1523,36
508	12.08.2017 03:00:00	30,86	11,71	22,03	1523,27
509	12.08.2017 04:00:00	30,80	11,86	22,26	1523,29
510	12.08.2017 05:00:00	30,92	12,74	23,83	1524,45
511	12.08.2017 06:00:00	31,04	14,24	26,42	1526,24
512	12.08.2017 07:00:00	30,95	14,22	26,35	1526,03
513	12.08.2017 08:00:00	30,98	14,16	26,27	1526,03
514	12.08.2017 09:00:00	31,18	15,27	28,24	1527,61
515	12.08.2017 10:00:00	31,24	14,80	27,48	1527,26
516	12.08.2017 11:00:00	31,24	13,84	25,84	1526,28
517	12.08.2017 12:00:00	31,27	12,75	23,99	1525,23
518	12.08.2017 13:00:00	31,68	12,56	23,85	1525,94
519	12.08.2017 14:00:00	32,56	16,85	31,67	1532,14
520	12.08.2017 15:00:00	33,36	17,75	33,67	1534,67
521	12.08.2017 16:00:00	33,33	17,61	33,42	1534,48
522	12.08.2017 17:00:00	33,30	17,39	33,03	1534,20
523	12.08.2017 18:00:00	33,24	17,19	32,64	1533,88
524	12.08.2017 19:00:00	33,56	17,56	33,47	1534,91
525	12.08.2017 20:00:00	33,59	17,71	33,76	1535,12
526	12.08.2017 21:00:00	33,56	17,26	32,95	1534,61
527	12.08.2017 22:00:00	33,24	16,44	31,34	1533,13
528	12.08.2017 23:00:00	33,18	15,94	30,45	1532,51
529	13.08.2017 00:00:00	33,12	15,51	29,66	1531,95
530	13.08.2017 01:00:00	33,12	15,58	29,78	1532,02
531	13.08.2017 02:00:00	32,68	14,39	27,49	1529,92
532	13.08.2017 03:00:00	31,77	14,32	26,93	1527,92
533	13.08.2017 04:00:00	31,47	14,05	26,31	1527,00
534	13.08.2017 05:00:00	31,39	13,72	25,71	1526,48
535	13.08.2017 06:00:00	31,27	14,07	26,26	1526,58
536	13.08.2017 07:00:00	32,18	15,06	28,40	1529,54
537	13.08.2017 08:00:00	31,74	16,00	29,77	1529,55
538	13.08.2017 09:00:00	31,68	15,68	29,19	1529,10
539	13.08.2017 10:00:00	31,62	14,68	27,47	1527,96
540	13.08.2017 11:00:00	31,74	13,53	25,55	1527,05
541	13.08.2017 12:00:00	31,62	12,91	24,42	1526,16
542	13.08.2017 13:00:00	31,59	12,41	23,54	1525,59
543	13.08.2017 14:00:00	32,00	12,04	23,07	1526,11
544	13.08.2017 15:00:00	32,53	11,23	21,85	1526,43
545	13.08.2017 16:00:00	32,88	10,78	21,18	1526,73
546	13.08.2017 17:00:00	32,94	11,42	22,35	1527,49
547	13.08.2017 18:00:00	33,12	12,36	24,11	1528,80
548	13.08.2017 19:00:00	33,00	12,45	24,23	1528,65
549	13.08.2017 20:00:00	32,38	13,23	25,33	1528,13
550	13.08.2017 21:00:00	32,65	13,85	26,54	1529,32
551	13.08.2017 22:00:00	32,71	13,39	25,76	1528,97
552	13.08.2017 23:00:00	32,41	11,99	23,16	1526,94
553	14.08.2017 00:00:00	32,38	11,03	21,44	1525,91
554	14.08.2017 01:00:00	32,32	10,90	21,18	1525,65
555	14.08.2017 02:00:00	31,97	10,33	20,03	1524,31
556	14.08.2017 03:00:00	31,97	10,11	19,64	1524,09
557	14.08.2017 04:00:00	31,39	10,70	20,47	1523,40
558	14.08.2017 05:00:00	31,27	11,98	22,67	1524,45
559	14.08.2017 06:00:00	31,18	12,36	23,29	1524,65
560	14.08.2017 07:00:00	31,07	12,27	23,07	1524,29
561	14.08.2017 08:00:00	30,92	12,58	23,54	1524,28
562	14.08.2017 09:00:00	30,92	12,72	23,79	1524,43
563	14.08.2017 10:00:00	30,92	12,58	23,54	1524,28
564	14.08.2017 11:00:00	30,92	11,84	22,27	1523,53
565	14.08.2017 12:00:00	30,92	10,82	20,51	1522,49
566	14.08.2017 13:00:00	31,04	9,82	18,80	1521,73
567	14.08.2017 14:00:00	31,07	9,51	18,26	1521,47
568	14.08.2017 15:00:00	31,59	8,80	17,18	1521,93
569	14.08.2017 16:00:00	31,59	8,81	17,19	1521,94
570	14.08.2017 17:00:00	32,09	7,68	15,28	1521,89
571	14.08.2017 18:00:00	32,56	6,77	13,71	1522,00
572	14.08.2017 19:00:00	32,35	6,44	13,04	1521,22
573	14.08.2017 20:00:00	32,24	7,73	15,42	1522,27
574	14.08.2017 21:00:00	31,94	9,82	19,12	1523,73
575	14.08.2017 22:00:00	32,35	11,11	21,57	1525,93
576	14.08.2017 23:00:00	32,32	10,35	20,21	1525,10
577	15.08.2017 00:00:00	32,03	8,36	16,51	1522,45
578	15.08.2017 01:00:00	31,62	7,31	14,47	1520,47
579	15.08.2017 02:00:00	31,07	0,01	0,00	1511,77
580	15.08.2017 03:00:00	30,69	0,01	0,00	1510,88
581	15.08.2017 04:00:00	30,89	0,01	0,00	1511,36
582	15.08.2017 05:00:00	30,77	1,57	3,39	1512,68
583	15.08.2017 06:00:00	30,63	5,43	10,78	1516,30
584	15.08.2017 07:00:00	30,54	6,20	12,19	1516,89
585	15.08.2017 08:00:00	31,68	9,96	19,27	1523,29
586	15.08.2017 09:00:00	31,65	10,44	20,11	1523,72
587	15.08.2017 10:00:00	31,07	9,94	19,02	1521,91
588	15.08.2017 11:00:00	30,66	7,95	15,37	1518,96
589	15.08.2017 12:00:00	30,63	5,35	10,63	1516,21
590	15.08.2017 13:00:00	30,83	0,01	0,00	1511,22
591	15.08.2017 14:00:00	30,89	1,85	3,95	1513,24
592	15.08.2017 15:00:00	31,07	5,39	10,80	1517,26
593	15.08.2017 16:00:00	31,59	0,01	0,00	1513,00
594	15.08.2017 17:00:00	31,91	0,01	0,00	1513,74
595	15.08.2017 18:00:00	32,21	0,01	0,00	1514,41
596	15.08.2017 19:00:00	31,80	0,01	0,00	1513,47
597	15.08.2017 20:00:00	31,50	0,01	0,00	1512,79
598	15.08.2017 21:00:00	31,53	6,09	12,21	1519,04
599	15.08.2017 22:00:00	31,71	7,60	15,04	1520,97
600	15.08.2017 23:00:00	31,68	8,85	17,29	1522,17
601	16.08.2017 00:00:00	31,86	9,86	19,16	1523,58
602	16.08.2017 01:00:00	31,86	10,20	19,75	1523,92
603	16.08.2017 02:00:00	32,03	9,97	19,41	1524,08
604	16.08.2017 03:00:00	31,97	9,53	18,61	1523,51
605	16.08.2017 04:00:00	31,91	10,11	19,62	1523,96
606	16.08.2017 05:00:00	31,15	7,18	14,11	1519,29
607	16.08.2017 06:00:00	31,47	8,76	17,06	1521,62
608	16.08.2017 07:00:00	31,33	12,08	22,86	1524,68
609	16.08.2017 08:00:00	31,15	13,89	25,89	1526,14
610	16.08.2017 09:00:00	31,15	14,59	27,07	1526,85
611	16.08.2017 10:00:00	31,07	14,88	27,53	1526,96
612	16.08.2017 11:00:00	31,04	15,07	27,83	1527,09
613	16.08.2017 12:00:00	30,80	13,95	25,82	1525,43
